00341
00384
00426
00435
00603
00639
00668
00694
00842
00851
00858
00874
00904
00951
00973
01024
01079
01107
01127
01162
01217
01231
01252
01327
01381
01398
01428
01442
01471
01479
01495
01515
01564
01582
01587
01605
01615
01652
01653
01734
01808
01839
01880
01927
01965
02003
02014
02052
02112
02131
02151
02168
02181
02238
02285
02356
02435
02483
02492
02525
02548
02563
02592
02616
02625
02653
02706
02718
02833
02856
02870
02880
02961
02975
03008
03063
03074
03108
03131
03161
03207
03246
03282
03344
03368
03389
03430
03445
03457
03486
03522
03571
03642
03763
03771
03805
04007
04017
04048
04055
04076
04106
04123
04134
04141
04163
04164
04176
04198
04223
04232
04296
04307
04332
04352
04361
04372
04380
04397
04434
04446
04514
04537
04590
04604
04631
04687
04723
04775
04806
04831
04864
04875
04906
05025
05074
05102
05103
05118
05178
05204
05243
05285
05310
05374
05479
05498
05565
05609
05622
05644
05661
05688
05715
05749
05750
05767
05784
05798
05816
05851
05881
05920
05931
05967
05992
06007
06029
06052
06075
06087
06124
06146
06165
06202
06218
06302
06319
06343
06371
06379
06419
06439
06486
06536
06563
06620
06631
06658
06738
06794
06845
06928
06937
06954
06976
07038
07099
07121
07131
07173
07203
07234
07247
07269
07277
07292
07309
07382
07424
07435
07451
07462
07479
07498
07532
07580
07604
07630
07642
07682
07706
07721
07757
07772
07791
07815
07866
07886
07943
07973
08012
08095
08114
08127
08135
08174
08187
08308
08345
08379
08420
08437
08447
08455
08474
08492
08517
08538
08595
08621
08633
08641
08649
08680
08713
08755
08780
08791
08823
08830
08849
08868
08894
08905
08929
08955
08974
08985
09085
09095
09138
09188
09214
09249
09264
09328
09473
09495
09507
09523
09538
09580
09631
09640
09717
09732
09742
09786
09812
09842
09869
09900
09926
09943
09970
10013
10023
10096
10144
10166
10197
10199
10275
10301
10315
10393
10412
10453
10474
10526
10587
10598
10607
10614
10641
10656
10684
10693
10715
10777
10792
10820
10904
10976
11015
11042
11067
11096
11113
11155
11214
11267
11268
11293
11330
11365
11384
11416
11424
11444
11476
11534
11566
11638
11693
11718
11780
11828
11884
11911
11935
11952
11978
12000
12010
12020
12028
12069
12079
12109
12122
12164
12198
12221
12231
12300
12338
12408
12421
12593
12619
12641
12656
12680
12704
12761
12815
12826
12863
12879
12947
12977
12994
13049
13114
13148
13167
13168
13182
13216
13217
13228
13253
13278
13279
13320
13337
13358
13359
13424
13464
13478
13503
13512
13536
13554
13555
13646
13647
13648
13664
13710
13740
13751
13812
13813
13824
13863
14015
14057
14107
14188
14190
14267
14298
14319
14373
14385
14396
14438
14461
14485
14572
14584
14608
14633
14650
14657
14685
14741
14760
14777
14778
14803
14845
14903
14957
14968
14984
15025
15043
15103
15120
15146
15166
15180
15199
15219
15302
15332
15374
15430
15453
15481
15537
15564
15610
15638
15713
15732
15755
15781
15817
15835
15850
15880
15907
15941
16000
16009
16073
16087
16104
16117
16134
16168
16203
16220
16241
16274
16319
16330
16342
16358
16400
16411
16412
16436
16450
16511
16531
16546
16569
16598
16639
16646
16709
16811
16880
16899
16936
16958
16976
17026
17042
17097
17135
17153
17166
17214
17306
17336
17359
17365
17384
17400
17436
17521
17564
17589
17607
17636
17665
17733
17734
17773
17832
17889
17900
17918
17939
17955
17965
17979
17995
18036
18042
18043
18068
18096
18118
18144
18161
18184
18204
18228
18248
18298
18315
18335
18377
18422
18432
18482
18498
18532
18537
18557
18578
18649
18726
18734
18761
18779
18801
18861
18903
18986
19057
19094
19119
19172
19197
19207
19217
19229
19239
19269
19303
19312
19335
19418
19464
19567
19622
19660
19695
19713
19748
19770
19820
19849
19857
19935
19975
20014
20030
20077
20115
20149
20162
20235
20262
20322
20342
20373
20386
20401
20414
20445
20631
20636
20667
20711
20801
20872
20973
20992
21015
21033
21081
21092
21106
21187
21221
21252
21286
21312
21334
21363
21376
21405
21417
21442
21496
21529
21563
21572
21710
21826
21836
21843
21863
21890
21891
22003
22019
22098
22130
22141
22251
22280
22416
22462
22489
22502
22558
22615
22643
22645
22646
22702
22723
22750
22783
22818
22848
22920
22967
22980
23000
23038
23055
23056
23246
23281
23338
23416
23434
23451
23475
23489
23578
23589
23634
23645
23652
23673
23709
23782
23811
23847
23859
23878
23913
23956
23993
24022
24033
24048
24063
24127
24139
24176
24203
24258
24259
24274
24337
24349
24375
24447
24503
24522
24527
24555
24589
24604
24614
24660
24687
24732
24746
24881
24895
24922
24973
25055
25076
25174
25191
25253
25282
25339
25356
25380
25413
25427
25436
25488
25515
25578
25637
25651
25695
25721
25832
25852
25876
25926
25948
25984
26009
26018
26069
26089
26173
26174
26224
26262
26303
26326
26472
26503
26537
26593
26710
26739
26741
26779
26810
26846
26860
26921
26937
26956
26965
27023
27056
27057
27087
27102
27159
27184
27192
27221
27273
27284
27285
27322
27359
27382
27417
27441
27456
27492
27542
27559
27579
27604
27754
27775
27801
27829
27850
27883
27934
27945
28003
28044
28069
28096
28125
28150
28169
28214
28267
28296
28319
28385
28397
28420
28436
28454
28473
28590
28658
28683
28749
28783
28794
28818
28827
28886
29011
29074
29096
29147
29284
29391
29468
29621
29641
29661
29726
29798
29849
29873
29903
29967
29986
30060
30166
30168
30223
30242
30262
30271
30289
30304
30327
30392
30516
30528
30603
30682
30719
30755
30849
30926
30946
30988
31057
31082
31104
31165
31186
31223
31239
31264
31306
31324
31353
31463
31496
31561
31572
31587
31600
31621
31660
31693
31740
31767
31785
31838
31856
31886
31909
31984
32052
32167
32197
32214
32260
32261
32263
32280
32293
32311
32312
32337
32338
32398
32427
32458
32481
32518
32530
32547
32559
32579
32616
32677
32701
32735
32759
32820
32830
32867
32884
32894
32918
32959
32972
33005
33047
33058
33069
33128
33172
33229
33231
33246
33285
33286
33319
33346
33380
33398
33410
33429
33465
33466
33486
33521
33545
33616
33648
33658
33704
33771
33812
33884
33986
34017
34018
34095
34117
34137
34276
34359
34382
34395
34402
34516
34550
34586
34692
34746
34839
34872
34873
34965
35126
35163
35198
35216
35226
35305
35346
35369
35467
35523
35534
35560
35572
35581
35611
35770
35807
35893
35901
35931
35937
35956
35974
36056
36124
36146
36241
36251
36269
36350
36351
36404
36422
36462
36611
36660
36687
36720
36741
36750
36791
36808
36840
36866
36910
36922
36946
36975
37001
37008
37026
37053
37068
37102
37152
37202
37278
37310
37324
37341
37373
37432
37477
37490
37590
37652
37690
37796
37833
37845
37864
37894
37917
37940
37967
37993
38021
38048
38071
38092
38133
38186
38216
38243
38269
38293
38324
38345
38378
38544
38594
38632
38648
38691
38706
38737
38849
38868
38878
38980
39006
39040
39072
39073
39082
39099
39120
39203
39258
39291
39368
39375
39385
39392
39432
39452
39453
39468
39514
39557
39596
39635
39652
39686
39750
39845
39857
39881
39962
39995
39996
40021
40056
40104
40129
40130
40183
40184
40321
40347
40409
40476
40477
40569
40642
40657
40664
40728
40770
40810
40833
40847
40996
41037
41060
41070
41084
41099
41267
41325
41364
41365
41457
41487
41516
41563
41585
41608
41650
41659
41669
41670
41698
41780
41816
41833
41907
41931
41982
42008
42148
42220
42239
42256
42318
42410
42434
42478
42516
42547
42560
42571
42597
42660
42670
42677
42709
42758
42767
42843
42947
42977
42994
43067
43090
43124
43151
43179
43180
43226
43261
43349
43373
43388
43461
43462
43513
43535
43561
43580
43599
43677
43689
43703
43733
43807
43814
43839
43885
43938
43950
43996
44011
44024
44058
44091
44103
44136
44146
44153
44175
44182
44208
44227
44242
44281
44303
44349
44350
44351
44378
44402
44429
44448
44478
44490
44500
44529
44537
44544
44555
44566
44572
44611
44633
44691
44721
44741
44783
44796
44817
44837
44849
44868
44869
44903
44956
44975
45057
45067
45096
45117
45168
45180
45198
45199
45224
45273
45330
45369
45416
45425
45443
45455
45473
45487
45519
45532
45577
45601
45658
45673
45692
45723
45749
45767
45789
45826
45851
45861
45873
45916
45936
45975
46001
46060
46173
46182
46276
46305
46319
46336
46375
46436
46497
46506
46580
46596
46611
46665
46742
46762
46783
46797
46870
46965
47034
47066
47083
47097
47112
47142
47187
47225
47244
47279
47307
47337
47347
47387
47447
47457
47469
47484
47501
47561
47615
47644
47652
47666
47675
47676
47727
47738
47794
47851
47864
47913
47987
48032
48054
48055
48124
48126
48175
48224
48258
48279
48303
48313
48336
48346
48378
48411
48499
48521
48526
48545
48563
48573
48614
48691
48719
48737
48752
48827
48897
48913
48983
49006
49084
49094
49140
49156
49188
49255
49324
49338
49349
49365
49383
49384
49421
49436
49465
49487
49547
49606
49640
49651
49663
49675
49706
49737
49786
49814
49890
49941
50023
50052
50066
50128
50146
50201
50252
50274
50324
50341
50372
50405
50420
50443
50459
50460
50512
50537
50555
50587
50623
50727
50819
50832
50845
50862
50904
50942
50954
50964
51029
51081
51114
51140
51165
51185
51235
51236
51281
51295
51306
51317
51340
51360
51408
51430
51517
51552
51637
51667
51696
51712
51713
51726
51738
51757
51781
51800
51801
51810
51824
51831
51876
51927
51940
51960
51986
52051
52076
52089
52110
52128
52167
52179
52188
52208
52221
52238
52296
52324
52354
52382
52441
52442
52515
52566
52589
52609
52623
52656
52668
52694
52720
52770
52802
52867
52877
52926
52947
53000
53022
53030
53073
53126
53160
53203
53216
53223
53235
53247
53257
53267
53279
53304
53305
53375
53409
53423
53434
53452
53464
53493
53570
53626
53648
53675
53709
53710
53744
53778
53831
53910
53926
54014
54087
54095
54124
54146
54180
54195
54213
54254
54264
54370
54385
54433
54447
54464
54536
54567
54600
54616
54672
54768
54791
54810
54828
54837
54845
54886
54932
54965
54966
55003
55055
55056
55077
55114
55126
55157
55184
55195
55206
55286
55308
55321
55328
55348
55375
55431
55560
55632
55644
55668
55678
55738
55755
55782
55814
55849
55864
55871
55917
55984
56003
56038
56054
56078
56111
56119
56167
56180
56202
56254
56290
56305
56317
56348
56360
56394
56471
56488
56579
56704
56705
56787
56798
56830
56852
56881
56978
57051
57068
57087
57099
57141
57175
57211
57243
57257
57271
57291
57313
57329
57354
57374
57375
57385
57397
57417
57447
57492
57541
57552
57603
57610
57647
57667
57712
57750
57756
57768
57777
57794
57849
57850
57883
57901
57928
57953
57982
58016
58031
58139
58188
58247
58258
58281
58303
58327
58370
58397
58439
58452
58508
58582
58600
58616
58626
58661
58669
58687
58714
58730
58742
58750
58774
58795
58814
58829
58840
58902
58915
58944
58953
58983
59039
59058
59082
59110
59129
59139
59155
59219
59237
59319
59320
59378
59389
59411
59506
59555
59609
59672
59673
59729
59744
59774
59797
59836
59846
59854
59913
59966
59996
60052
60064
60075
60164
60227
60312
60357
60362
60385
60465
60531
60556
60583
60709
60730
60768
60860
60915
60956
61070
61140
61150
61193
61226
61251
61370
61371
61449
61515
61565
61595
61702
61745
61819
61831
61851
61889
61924
61973
61990
62003
62113
62150
62175
62195
62203
62236
62259
62284
62297
62309
62349
62372
62398
62430
62458
62493
62510
62524
62577
62593
62622
62650
62697
62717
62738
62752
62761
62780
62785
62797
62824
62837
62915
62930
62942
62987
62988
63050
63077
63091
63113
63126
63190
63214
63242
63278
63292
63316
63337
63374
63383
63410
63427
63455
63478
63504
63563
63596
63604
63615
63640
63659
63679
63694
63729
63763
63785
63806
63827
63841
63856
63891
63922
63968
63978
64013
64048
64068
64097
64224
64271
64300
64315
64391
64419
64551
