65225
68208
07085
07086
07087
07088
07089
07090
07091
07092
07093
07094
07095
07096
07097
07098
07071
07072
07073
67424
07074
07077
07078
07079
07080
07081
07082
07083
07084
65539
68538
68660
17726
17727
17732
65540
17714
17715
17716
17717
17718
67594
17719
17720
17721
17722
17723
17724
69054
12328
12330
12332
12336
12337
67519
12321
12322
12323
12324
12326
12327
05748
65167
05735
05736
05737
05739
05740
05741
05742
05743
68580
09865
09866
09867
65328
09853
09854
09856
67483
09857
09858
09859
09860
09861
09862
09863
68292
24955
24956
24960
24961
24962
24965
24971
24972
65824
24948
67715
24950
24951
24952
24954
68870
11327
11328
11329
11312
11313
11317
11318
11319
11320
11321
11322
11323
11324
11325
11326
68890
63241
66778
63233
63234
66779
66780
67066
63236
63237
63238
68790
08928
08922
08923
65298
08924
65299
65300
67468
67470
08925
65415
68592
13637
13638
13639
67535
13640
13641
13642
13644
13645
68586
14900
14901
65445
14889
14891
14893
14894
14895
65717
21888
21889
21875
21876
21878
67660
67659
21883
27219
27220
27210
27211
27212
65890
27213
27214
65891
65889
67757
27215
27216
27217
27218
68406
38542
38531
38532
38533
66183
67934
38534
38536
57948
57949
57952
66606
66607
67299
57944
57945
57947
68852
68918
62174
62165
66743
62166
66742
67036
62168
62169
62170
62172
68416
68992
64223
66818
66816
64215
64216
67012
64217
64219
64218
64222
64290
64291
64292
64293
66820
64298
64299
64289
68720
02002
01989
01990
01991
01992
65043
67356
01997
01998
01999
68230
06475
06476
06477
06478
65200
67414
06484
06485
65403
13213
65402
13205
13206
13207
13208
13209
68674
68688
21946
21949
21950
65721
67663
21951
21956
28113
28114
28115
28116
28123
28124
33271
33273
33274
33283
33284
34828
34829
34830
34831
67873
34832
34833
34837
34838
36945
36934
36936
36937
66147
66146
67908
68694
68770
38999
39000
67937
39005
38996
38997
40120
40121
40122
66246
67949
40124
40128
68972
56573
56574
56576
56577
56578
56560
56563
56564
67275
56568
56569
56571
69092
57646
67292
57636
57637
57638
57639
57640
57641
57643
68330
62982
62971
66769
67057
62986
62973
67058
62975
62979
68764
63670
63671
63672
63673
66798
66799
67078
63678
05643
05635
05636
65162
05637
65163
65161
67400
05638
05642
68274
06836
06837
06838
06839
65216
67420
06843
06844
07403
07395
07396
07397
65242
65241
67431
07398
07399
07400
65294
08950
08951
08952
08953
08939
08942
67465
08944
08947
08949
68632
17088
17090
17091
17092
65506
65507
67578
17096
69016
20984
20985
20986
20987
65677
67642
20991
22129
22118
22119
22120
22121
65731
67667
22124
68528
25337
25338
25327
25328
65843
25329
25330
67722
68396
26736
26716
26717
67745
26719
26722
26726
65884
68350
26977
26978
26980
67750
26981
31766
31754
31755
31756
65996
67817
31763
31764
68084
68904
32161
32162
32163
66008
66007
67827
32165
32166
32336
66015
32327
32328
66014
67829
32329
32333
68794
34739
34741
66098
66099
66097
67872
34742
34745
68928
51077
51063
51064
67188
51066
51067
51068
51070
68428
68624
55367
55368
55369
66575
55374
56851
56845
66591
56846
66592
67278
67279
56848
56849
68622
63206
63207
63208
63209
63213
64089
64090
64091
67009
67010
64096
00630
00631
00632
65009
67342
00633
00634
00636
00638
68576
03004
03005
03007
65085
65086
65084
67367
06336
06337
06339
65187
67411
06342
09966
09967
09969
65332
09961
09962
09963
68202
11771
11772
11773
67514
11779
13330
13331
65408
65409
67531
67530
13333
13334
13335
13336
13700
13701
13702
13703
67536
13706
13709
68988
69048
14626
14627
14629
65434
67550
14632
14677
14678
14679
14680
65439
65440
14681
14683
14684
68842
17018
17019
17020
65503
65504
67579
17024
17025
68520
69086
18326
18328
18329
65601
67610
67611
18333
18334
68344
19262
19263
19264
19265
65635
67624
19268
65761
68692
22956
22959
22960
22966
24656
24659
24642
24643
24645
24648
24649
24651
66010
69068
32251
32252
32253
32254
32255
67826
32257
32259
68099
68974
35514
35515
35516
35517
35518
66112
67886
35522
68398
42835
42836
66296
67990
42841
42842
42976
66297
42963
42964
42966
42967
42969
68288
43172
43173
43174
67081
43176
43177
43178
68218
68510
49601
49602
49604
67170
49605
50042
50043
50044
50045
66441
67177
50046
50051
51228
51229
66469
51230
51231
51232
51233
51234
68294
58502
58503
58505
58506
66644
67309
58507
58500
58501
68540
62249
62250
62251
67038
62256
62257
62258
68924
63804
63805
63794
63795
66804
67003
63799
63802
01390
01391
65029
67350
01396
01397
68612
05236
05237
05238
65144
65145
67392
05239
65192
68338
06365
67413
06370
06361
06362
06363
69028
07964
07966
07969
65263
67446
07972
68368
08427
08428
08429
08431
65278
67451
08436
10162
10164
65341
65342
67489
67490
10156
10157
10158
10159
68374
10896
10898
65362
65363
67501
10903
69004
13159
13160
13161
67527
13166
15036
15037
15038
65449
65450
67555
67556
15042
65792
23772
23773
23774
23775
23776
67697
23780
68954
28206
28207
28208
28210
67776
28211
28213
68320
30847
30848
30837
30838
67802
30840
30841
30842
66038
68636
32951
32953
32954
67840
32955
32957
66111
68810
35457
35458
67890
35462
35463
35464
35465
35466
68544
37885
37886
67925
37892
37893
68364
40838
40839
40840
40841
67958
40844
40846
68446
41031
41032
67961
41036
45266
45267
45270
66351
67111
45272
68726
45438
45441
66355
67114
45442
45437
48122
48123
67143
48111
48112
67142
48114
48115
68856
49179
49180
49181
49182
67159
67161
49183
49187
68336
53272
53273
53274
53275
66531
66532
67227
53278
57279
57280
57281
57282
57283
57284
57285
67287
57286
57287
57290
58364
58365
58366
66637
66638
66639
66640
67306
58369
68248
61811
61812
66731
61818
62104
62105
62106
66740
67034
62107
62110
62112
68179
68722
62504
62505
62506
66752
67044
62509
68766
63330
63331
63332
66784
66785
67068
63336
68964
64266
64267
66819
67013
64270
64265
68956
04621
04622
04624
65123
04630
65137
68626
05092
05093
67389
05095
05097
05098
05101
68594
07939
07940
65262
67445
07942
09530
09531
09532
09533
65312
65313
67477
09536
09537
65343
10189
10190
10192
67491
10196
68376
68900
10974
10975
65364
67502
10971
10972
10973
14178
14179
14180
14182
14183
65427
67545
14185
14187
68666
16196
16197
16198
65480
16202
17329
17330
17333
65520
67583
17335
69066
25691
25694
65854
67729
25688
25689
68424
65870
26166
67737
26172
68984
69088
26773
67746
26776
26778
26770
26838
26839
26840
65881
67747
26845
29650
29651
29652
29653
29654
29655
65940
29656
29657
29660
31846
31848
66000
67821
31851
31852
31853
31854
31855
32393
32397
66016
67831
32388
32389
32392
32609
32610
32612
66024
67835
32615
68832
37147
37149
37150
37151
37128
37129
37134
67914
37135
45841
45842
45843
67119
45846
45847
45849
45850
68400
69034
46275
67125
46270
46271
46272
68664
46737
46739
67129
46741
46735
46736
48515
48516
66415
66416
67149
48517
48519
48520
68762
48819
67153
48824
48804
48805
48809
48810
48814
66473
51349
51350
51351
51352
51353
67195
51355
51356
51358
68776
51516
51505
51506
51507
66475
67201
52862
52863
52864
52866
66519
66518
67221
52861
68228
56697
56698
56699
56700
56701
56702
56703
56695
56696
68412
57082
57084
57085
67280
57086
57081
57043
57044
57045
66593
67282
57049
57050
68740
62744
62746
62747
62748
66759
67052
62751
63286
63287
63288
66781
67067
63289
63290
63291
68572
68714
63595
66795
67076
63591
63592
64062
64064
64065
66815
67008
64310
64311
66821
66822
67014
64314
68276
01466
65032
01470
01465
04716
04717
65125
67381
04718
04722
04853
04854
04858
65131
67385
04862
05301
05302
05303
65148
67394
05308
05309
06557
06558
06559
65204
65205
67415
06561
06562
68566
08488
08491
65282
67453
08487
65290
08706
08707
65556
08695
67460
08697
08698
08701
08702
69024
11565
65375
67510
11562
11563
65377
11630
67513
11633
11634
11635
11636
11637
11717
65379
67512
11712
11713
68756
13270
13271
13272
13273
13275
65405
67528
13277
68652
14455
14456
14457
14458
65432
67549
67548
14460
68858
14754
14755
14756
14757
65443
14759
20073
65652
65653
65654
20074
20076
21076
21077
21078
65682
67643
21080
22088
22089
22094
65729
65730
65728
67666
22095
22097
68214
68952
23574
23575
65782
67691
23577
23573
25072
25073
25075
65835
67723
25071
26528
26530
26531
26532
26533
67743
26536
68514
27774
67765
27769
27770
27771
31902
31903
66002
67823
31908
32305
32306
32309
66013
67828
32310
32675
66025
32663
67836
32664
32667
32669
33478
33479
33480
66075
67852
33485
34009
34010
67861
34012
34016
68480
37589
67922
37583
37584
37585
39629
69040
39630
39631
67944
39632
39634
39628
68646
42228
42231
42232
66280
67981
42237
42238
43526
43527
43528
43529
43531
66306
43534
44685
44686
44687
66335
67107
67105
44690
68864
47180
47183
66387
67134
47186
50853
50854
50855
50856
50858
66461
50861
50852
53297
53298
53300
53301
66533
66534
53303
68914
54559
54560
54561
54562
54563
54566
55774
55775
55776
55777
55781
57532
57533
57534
57535
67290
57537
57539
57540
68488
58595
58597
67310
58599
59213
59214
59215
59216
59218
68478
59501
59502
59503
66672
67323
59505
63423
63426
66791
67069
63420
63421
63422
64384
64385
67015
64390
00419
00421
65002
65003
67339
67341
00425
03123
03124
03125
03129
03130
03440
03441
65096
67371
03444
04800
04801
04802
04803
65129
67384
04805
04901
04902
04903
65135
65134
67387
04905
68990
05474
05475
65156
67397
05476
05603
65158
65159
67399
05605
05606
05608
69002
07461
65245
67433
07457
07458
08371
08372
08373
65275
67450
08378
09184
09185
09186
65307
65306
67475
09183
09724
09725
09726
65324
67481
09731
69056
10108
10109
10111
65338
67487
10112
10114
68800
10465
10466
10467
10470
65352
67495
10471
10472
10473
68554
10708
10709
10711
65357
10713
10714
10706
10707
11201
11202
11203
11206
67504
11209
11210
11212
68654
11255
11256
11257
11259
11260
11261
11262
11264
11265
13139
13141
65400
65401
13143
13144
13147
13547
13548
13549
13550
65414
67534
13553
13804
13805
13806
13811
13801
13802
13803
14797
14799
14801
65444
67553
14802
16588
16590
16591
16592
16593
65491
16597
65535
68746
17660
67593
17664
17658
17659
68476
17763
17764
17765
17766
65542
17768
17771
65544
17825
17826
17827
17828
67595
17831
65692
21250
21239
67646
21241
21242
21243
21441
65696
67653
21435
21436
21437
22809
22810
65755
67673
22815
69060
23951
23952
23953
65798
65797
67700
23955
23949
68242
68798
24032
65800
67702
24028
24029
68840
24613
65817
67709
24610
24611
25249
65840
67721
25250
26947
26948
26950
26951
26952
26954
26955
68610
27268
27272
65892
67758
27267
27927
27929
65905
67769
27933
28167
28168
67777
28163
28164
68772
28469
28472
65913
67781
28467
28468
65950
30158
30160
67794
30162
30165
69006
31153
31154
31155
31157
31158
65981
31163
66069
33210
33211
33212
33214
33217
33218
68574
33544
66078
66079
67853
67851
33540
33541
33542
68226
34582
34583
34584
67871
34585
35296
35297
67880
67881
35298
35299
35301
35302
36832
36834
67906
36836
36839
68268
36921
66145
36917
36918
69044
37370
37372
66156
67917
37368
37369
38128
38129
38130
67929
38132
68452
68920
38593
66186
38589
38590
38591
38592
68826
39461
39462
39463
66224
67943
39467
66248
40174
40175
40177
40178
66249
67950
67951
40179
66261
40991
40992
40994
67959
40995
40989
40990
41318
41320
66265
66266
41321
41322
41324
68380
41452
41453
41454
67965
41451
41830
41831
67971
41832
41825
41826
43062
66298
43066
43059
43060
43061
68670
43225
67083
43221
43222
43223
68706
68738
44087
44088
66320
44090
44084
44085
44086
44372
44373
44374
66326
67097
44377
68996
47661
66398
67139
47665
47660
68898
48047
48049
48050
48051
66405
48053
48045
48905
48907
67154
48908
48912
49134
66422
67157
49139
49133
49249
49250
49251
49252
66423
66424
67162
49254
66478
68284
68466
51628
51630
68548
51780
66482
66483
67204
51776
51778
52558
52559
67214
52560
52565
68978
53215
67226
53211
53212
53214
53488
53491
67230
53492
53487
55343
67256
55347
55342
57067
67281
57062
57063
57064
57786
57787
57788
57789
66603
66604
57791
57793
58789
58790
58791
66654
67314
58794
68496
59311
59314
59316
66665
67319
59318
60351
60352
60353
60354
67334
60356
62278
62279
66746
67039
62283
62277
68998
63087
63090
66774
67061
63085
64432
64433
64434
64440
64431
65061
02237
02232
02233
02591
65073
67363
02588
02589
65092
03276
03277
03278
03281
04513
65119
67377
04510
04511
65120
04596
04597
04600
04601
67379
04603
04595
04774
65127
65128
67383
67382
04771
04772
05284
65147
67393
05279
05280
05805
05806
05808
65169
67404
05815
68828
07814
65260
07809
07810
07811
65314
09462
09467
09463
09468
09464
09472
09781
65325
67480
09784
09785
09923
65330
09924
09925
10274
65345
67492
10270
10271
13473
65411
67532
13477
13471
13472
65421
65422
67539
13856
13857
13858
13859
15324
15325
15326
15327
15328
15330
15331
15368
15369
65457
67559
15370
15373
16442
16443
16444
67574
16449
68426
16971
16972
65500
67577
16975
65531
68782
17600
67588
17604
17605
17597
18294
18297
65597
67607
18293
68966
18313
65600
67609
18309
18311
18489
18491
18494
65607
67612
18495
18497
19413
19414
65638
65639
19417
21220
21210
21212
67647
21277
21280
21281
67649
21282
21283
21285
22556
22557
65746
67672
22552
22553
23586
23587
65783
67692
23584
23585
68334
24728
65822
67710
24731
26256
26258
26259
65873
65874
26261
68352
26573
26574
67744
26577
26571
26572
27047
27048
27050
27051
67752
27055
28141
28142
28143
28144
28145
28149
28313
28314
28315
67778
28318
68616
28433
28427
28435
28428
28429
28430
29142
29143
29144
29145
65929
29146
29140
29141
30237
30238
30239
67793
65983
69000
31323
67810
31317
31318
31320
31321
31654
31655
65992
67815
31659
66017
32457
32451
32452
66106
35117
35118
35119
35120
35121
67875
35125
35368
66109
67882
35365
35366
68562
36050
67893
36055
36049
68628
36653
36654
66138
67901
36659
68608
36740
66141
67904
36737
36738
36785
36788
66142
67903
36789
36790
66151
68328
37091
37093
37094
67913
37097
37098
37791
37792
37794
37795
69008
37991
37992
67926
37988
37989
69036
38289
38292
38286
38287
68584
38323
66171
38319
38320
68934
38631
38625
38626
38690
67933
38686
38687
68774
38867
38862
38863
39093
39095
39096
67940
39097
39098
39092
39451
39445
39446
39447
68342
39590
39592
66270
41510
41511
67968
67966
41514
41515
68736
41597
41598
66271
41601
41607
42250
42251
66281
42252
42253
42255
43937
66318
67093
43934
43935
48977
48978
48980
67155
48982
49333
49334
49335
66428
67164
49337
49331
49332
49376
49377
49378
49379
49380
49382
49375
49658
49659
49661
66433
67173
49662
49657
50057
50058
50059
50061
66440
67176
50065
51134
67191
51138
51139
51132
51133
66468
68508
68600
67190
67192
51179
51180
51181
51182
51183
51708
51709
51710
51711
66481
67202
51707
68680
51888
51889
66488
67206
51892
51894
68912
67212
52319
52320
52321
52323
53371
53374
66536
67228
53368
53370
68564
55047
55048
55050
66563
55046
56312
56313
56314
66585
56316
56310
56311
68868
56828
56829
56819
56820
67277
56821
57305
57306
57307
57312
57446
57440
57441
57442
68796
57664
66598
57665
57666
57658
57659
57981
66609
67300
57976
57977
68560
58299
58300
58302
66636
67305
58297
58684
58686
58680
58681
58682
58683
59250
59251
59252
66664
67317
59259
60551
66704
67018
60555
60550
61060
61061
61062
67022
61919
61920
61921
66736
67031
61923
61985
61986
67033
61987
61989
61998
61999
62000
67032
62002
62712
62713
66758
67051
62716
62711
62914
66765
67055
62911
62912
62929
66767
66766
67056
62926
62927
68372
63071
63072
66773
67064
63076
68382
63112
66775
67062
63107
63108
63110
66789
63477
67072
63472
63473
63758
63759
63760
66803
63762
63757
68422
01441
65031
01437
01438
01494
65034
67352
01488
01489
01490
02109
02110
02111
65057
67357
02107
02108
03062
65087
67368
03061
04191
65111
04193
04196
04351
65114
65115
04346
04347
04348
04873
04874
65132
65133
67386
04871
04872
05202
65142
67391
05197
05198
65155
05488
05489
67396
05496
05497
05861
65171
65170
67405
05857
05858
06074
65179
06068
06069
06657
65209
67416
06653
06654
06655
65229
07196
07197
07198
07199
67427
07201
07202
07194
07379
07380
65240
67430
07381
07374
07375
65244
67434
07419
07420
07421
07476
07477
07478
65247
67436
07474
07475
07603
67439
07599
07600
07601
69064
65284
67458
08591
08592
08593
69078
09240
67473
09244
10399
10400
10405
65349
10407
10410
10411
10450
10452
65351
10448
10449
10628
10630
10631
10632
10634
10635
10636
10637
10639
10640
68658
10776
65358
67499
10773
10774
13179
13181
67526
13178
14296
67546
14297
14290
14291
14292
14471
14472
14473
14474
14477
14478
14479
14481
14482
14484
15099
15100
15101
65451
15102
15097
15098
15165
65453
67557
15161
15162
15163
15179
67558
15174
15175
15176
15177
15178
15534
15536
65460
67561
15532
15533
65485
67572
16408
16409
16896
16897
16898
65495
67576
65526
17432
17433
17435
17938
65549
17934
17935
17936
18160
65591
65590
67603
18157
18158
18203
65594
67604
18198
18199
18225
18227
65595
67605
18222
18223
18224
18776
18777
18778
65620
67617
18774
18775
68512
65634
67625
19234
19235
19236
19238
19563
65644
19566
19562
20369
20370
67634
20368
20444
20439
20440
20441
65689
21186
65690
65691
67645
21177
21182
21709
21699
65711
67655
21704
21706
68896
21858
21859
67658
21856
22140
65732
67668
22136
68792
22498
22499
67671
22501
65748
22642
22629
22633
22634
67674
22635
22636
22640
22722
65752
65751
22719
22720
22721
65785
67694
23641
23642
23644
65808
67707
24441
24443
26502
67742
26498
26499
68236
67755
27182
27183
27175
27177
27596
27598
27601
27594
27595
68404
28040
28041
67773
28043
28653
28655
65918
67783
28657
65926
67786
29070
29071
29073
30473
30474
65960
30478
30938
30941
30942
67803
30944
30945
30982
67804
30983
30984
30985
30987
31739
65994
67816
31734
31735
31777
31778
31779
65997
67818
31782
31783
32213
32208
32209
66012
32286
32816
32819
66030
66031
66032
66033
67838
32971
66065
67842
32967
32968
68326
34964
66104
34960
34961
68696
35533
67887
35529
35530
66128
36249
36250
66127
67896
36246
36248
36266
36268
66129
67897
36265
66131
36339
36340
36342
36343
36348
36684
36686
66140
67902
36682
36683
69022
36865
67907
36861
36863
69096
37000
67909
36997
36998
37857
66162
67924
37859
37863
38091
66166
67927
38088
38089
68532
67931
38180
38181
38185
68716
38344
67932
38339
38341
39853
39854
67946
39856
39852
68346
41930
67974
41926
41927
41944
41945
67975
41948
68704
42431
42433
42426
42427
42428
42659
67982
42655
42656
43348
66303
43343
43345
66304
43460
43448
43449
43452
67086
67089
43688
43683
43684
43834
43835
43836
66316
67092
43838
43831
43833
45762
45764
45766
66365
67118
45761
46000
66369
67121
45997
45998
45999
46294
46296
66374
46299
46300
47495
47496
47499
66393
67136
49483
49485
66432
67167
49481
49482
49639
67171
49636
49637
49696
49697
49699
49700
66434
49702
50413
50414
50415
50419
50412
69058
50844
50840
50841
68570
67207
51926
51920
51921
52514
66508
67213
52511
52512
52718
52719
66515
67217
52715
52716
52925
66522
67223
52921
52922
68432
67224
53027
53028
53029
53705
53706
53707
53708
54444
54446
67241
54441
54442
54443
54827
66557
66558
54824
54825
55307
66573
55303
55304
55320
66574
67255
55317
55318
66581
55863
67262
55858
55859
55860
56087
56088
56089
56092
57831
57832
67293
57830
66643
67308
58449
58450
66652
58657
58658
67311
58659
58660
58738
58739
67313
58741
58735
58736
58813
66655
58809
58810
59154
66661
59152
59153
59372
59373
66667
59553
59554
66673
67322
59549
59550
59551
59773
66677
66678
59766
59767
59768
68498
67335
60461
60462
60464
68640
61149
66715
67023
61145
61146
61147
62645
62646
67049
62649
66761
66760
62735
62736
65007
00598
00599
00600
00602
01211
01212
01214
65024
01216
01427
65030
67351
01423
01557
01558
01560
01561
01562
01555
01556
02051
65052
65053
65054
02047
02048
02049
65064
67360
02352
02353
02355
02547
65071
67362
02543
02544
02545
65076
02714
02715
02717
65079
02827
02828
02832
65091
68812
03240
03245
03239
03485
65097
67372
03483
03484
68266
68408
03637
03638
68250
65110
04172
04173
04175
04433
65118
04428
04429
04430
04445
67376
04442
04443
04686
65124
67378
04683
04684
65139
05111
05113
05114
05117
05659
05660
65164
67401
05655
05656
05712
65166
67402
05711
05930
65173
67407
05927
05928
06199
06200
65182
65183
06195
06196
06435
06436
06438
06433
68494
65233
07273
07274
07276
08620
65285
65286
67457
08615
08618
08676
08677
65289
08679
08675
08848
65295
67466
08845
08846
65308
09312
67474
09579
65319
67479
09575
09576
09899
65329
67485
09895
09896
10143
65340
10139
10140
10141
10586
65354
67497
10582
10583
68410
65365
11038
11039
11040
11041
11364
67506
67505
11363
12121
65386
12117
12118
12230
65388
65389
67518
12227
12228
12878
65399
67524
12875
12876
12877
12976
67525
12972
12973
65407
13314
13315
13316
13319
13357
65410
13353
13354
13355
13356
14383
14384
14377
14378
14379
14380
68614
14844
14838
14839
15429
65458
67560
15427
15428
15609
65465
15604
15605
15606
15607
65467
15728
15729
67565
15731
15726
15776
15778
15779
15780
15940
65472
65473
15937
15938
16131
16133
16128
16129
16130
17152
65510
67580
17149
65554
18067
18060
18061
18277
18278
18279
18280
65599
18283
18528
65609
67614
18531
68910
18792
18793
18796
65621
18876
65625
18877
67618
18878
18879
18880
19118
19112
19113
19114
19115
19334
19329
19330
19332
19692
19694
67631
19690
19769
65647
19763
19765
19766
20144
20145
20146
20147
20148
20385
65659
67635
20382
20383
20703
20706
65668
65669
20709
65672
20796
20797
20800
68582
21410
21411
21412
21413
21416
21557
67652
21561
21562
21555
22279
65739
67669
22275
22276
22747
22748
22749
65756
67675
22995
22996
22999
23047
23049
23050
23051
23054
23450
65779
23446
23447
23448
23449
23546
23548
65781
67690
23551
23672
65786
67695
23669
23670
24588
65816
67708
24585
24586
24587
24921
65832
67716
24918
24919
25378
25379
65845
25376
25377
65846
67724
25410
25411
25412
25628
25631
25635
25650
65853
67728
25646
25647
25648
65864
67731
67732
25921
25922
25925
25983
65867
67734
25980
25981
25982
26316
26317
26321
65875
67741
26323
27158
65888
67754
27156
27157
65893
27409
67759
27410
27412
27415
27574
27575
65894
67761
28383
28384
67779
28380
28381
28443
28444
28445
28446
28450
28453
30391
65958
67796
30387
30388
30457
30458
30460
65959
32517
66019
67833
32513
32514
68206
67843
33054
33055
33057
66067
33120
33121
67844
33126
33646
33647
67855
33644
33645
34125
34127
34128
34129
34133
34136
66090
34210
34211
67866
34215
34394
67867
34389
34390
66108
67883
35342
35343
35344
35345
35949
35950
66121
67892
67920
37472
37473
37476
37960
37961
37962
68824
39035
39036
39039
66228
39745
39746
39747
39748
39749
68362
40471
40474
67970
41665
41666
41668
67984
42705
42706
42707
42708
43579
66308
43574
43575
43908
43909
43910
43911
43905
43907
44048
44049
44050
44051
66319
67094
66325
44339
44340
44344
44347
44348
44477
66330
67102
44472
44473
44474
44476
44610
66334
67106
44605
44606
44607
45486
66356
67115
45482
45483
45484
45860
66367
66368
45856
45857
45858
45859
67126
46370
46371
46372
46373
46374
46435
66375
67127
46432
46433
47111
66386
67132
47108
47109
47611
47612
66396
47614
47609
47610
48744
48747
66419
48750
66421
67158
49080
49081
49083
49546
67169
49541
49542
68830
50270
50271
50273
50511
66448
67180
50507
50508
51335
51336
51338
67197
51339
51332
66484
51823
51816
51817
51818
52583
52584
67215
52588
52621
52622
66511
66512
67216
52618
52619
53069
53070
53072
53422
66537
53418
53419
53420
66538
67229
53430
53431
53433
53551
53552
53555
53549
54079
54080
54081
54082
54083
54086
54078
54212
66551
67236
54208
54209
54210
54885
66560
67248
54881
54882
54883
55002
66561
66562
54996
54997
54998
54999
55000
66564
67250
55073
55074
55076
66569
67253
55153
55154
55156
55183
66570
67252
55180
55181
55182
55205
66571
67254
55201
55202
55285
66572
55280
55283
55667
55662
55663
55664
66579
67263
55734
55735
55737
56166
67269
56162
56163
56304
56299
56300
57139
57140
67284
57135
57136
57137
57138
57677
57674
57675
66599
67294
57680
57673
57765
57760
57761
57762
57763
57764
57807
66605
57812
57805
57806
66615
67303
58028
58029
58030
58395
58396
58390
58391
58392
58393
58943
66658
58938
58939
58940
59909
59910
59912
59907
59958
59959
66683
67328
59965
60767
66707
67021
60764
60765
60859
66708
60855
60856
62447
62448
62452
62453
62455
67047
62589
62590
62591
62592
68468
66757
67050
62693
62694
63363
63364
63372
66790
63406
63407
63408
63409
63836
63837
66807
67004
63840
63834
63878
63879
66810
67006
63882
63877
68876
63961
63962
63964
68606
67016
64415
64416
64418
65018
00967
00972
00966
01730
01733
65038
67354
01728
01729
02167
02164
02165
02166
65059
02176
02177
02178
02180
02482
65066
02479
02480
02524
65067
67361
02520
02521
02570
02572
65072
67364
02959
65083
67366
02955
02956
65094
67369
03340
03342
03343
65095
67370
03363
03364
03367
03422
03423
03425
03429
65100
03570
67373
03566
03568
03599
03602
03603
65101
67374
03605
03607
65108
04043
04044
04045
04047
04066
04067
04072
04073
04075
04065
04825
04826
65130
04830
65138
05068
05069
65141
65140
67390
05174
05175
65168
05760
05761
05762
05763
05766
65175
67406
05963
05964
05965
05966
06418
65199
06412
06413
06414
65202
06530
06531
06532
06533
06535
65221
67421
06934
06935
65222
67423
06950
06951
06953
65230
67426
07229
07230
07231
07233
07243
07245
65231
67428
07246
07241
07268
65234
07263
07264
07265
07266
65235
67429
07289
07290
07291
07302
07303
07304
65249
65248
67437
07494
07495
07497
65268
08122
08123
08126
68960
08353
08355
08361
65279
67452
08451
08452
08454
08754
08750
08751
08752
08867
08864
08865
08866
65297
67469
08901
08902
08904
09154
09155
09156
09160
65305
09161
09162
09164
10597
10593
10594
10595
10596
11827
67515
11822
11823
11824
11826
65381
11907
11908
65394
12589
12590
12592
65416
13658
13659
65462
67563
15561
15563
15815
15816
65470
15812
15813
65471
15830
15831
16066
65476
67567
16069
16072
17130
17132
17133
17134
17588
65532
67590
17584
17585
17586
17633
17635
65534
65533
67591
17629
65548
67598
17913
17914
17915
65551
67600
17950
17951
17952
17953
18031
18032
18035
65588
65589
67601
18141
18142
18143
18183
18177
18178
65640
67628
19460
19461
19462
19463
65648
19844
19845
19848
20161
65655
20159
65657
68212
67636
20228
20229
20232
20396
65660
20400
20394
20409
20411
20413
20743
20744
20746
20748
21333
21326
21327
21328
21401
65695
21404
21400
65750
22697
22698
22699
22700
22701
22919
65759
22916
22917
23335
23337
65777
67684
23333
65784
67693
23631
23632
23633
23876
23877
23871
23872
23873
65801
67703
24058
24059
24062
24873
24875
65829
24879
25018
65833
67718
25016
25017
68662
25030
25033
65834
67719
25187
25188
25190
65847
67725
25433
25434
65849
67726
25486
25829
65859
65860
25827
65865
25967
65866
67733
25963
25964
25966
67740
26299
26300
26302
68392
26704
26706
26709
26702
26855
26856
26859
27281
27282
27277
27278
27279
27280
28002
67772
27998
27999
28000
28782
65923
67784
28777
28778
28779
28780
29095
65927
67788
29091
29092
29722
29723
29725
65932
29387
29388
29390
65942
29869
29870
29872
67792
30056
30057
30059
65966
67799
30678
30679
30681
67837
32698
32699
32700
32893
66037
67839
32890
32891
66072
33315
33316
33318
67849
33394
33395
33396
33397
33459
33460
34868
34871
34865
34866
34867
35162
66107
67876
35160
68524
67877
35221
35222
35225
35383
35384
66110
67885
67884
35382
68672
36606
36607
36610
37045
37046
37049
67911
37051
37044
37201
66154
67916
37197
37198
37317
37318
68286
66155
67918
37336
37429
37430
37431
68778
37405
67919
37403
66164
37912
37913
37914
37915
37916
38019
38020
38016
38017
38070
67928
38066
38067
38732
38733
38736
39511
39513
39508
39510
39993
39994
39988
39989
39990
66239
66240
40015
67952
40316
40317
40320
66267
41354
41356
41357
41363
42752
42753
42754
67987
42756
42757
66324
44277
44278
44280
66328
67100
44425
44426
44428
67104
44494
44495
44496
44497
44499
66337
44832
44833
44836
66339
67108
44899
44900
44902
45514
45515
45516
45518
66362
67117
45688
45689
45691
45784
45785
45786
45788
67120
45911
45912
45914
67123
46177
46178
46179
46181
47009
47004
47005
47464
47465
47466
47468
67138
47670
47671
47672
47674
66400
47789
47790
47793
48214
48215
48216
48218
48219
48222
66410
67145
48254
48255
48257
66418
48609
48610
48611
48613
68444
67178
50123
50125
50126
50127
66442
50141
50142
50143
50144
50145
50340
50333
50334
50336
68420
66459
67182
50722
50723
50726
67185
50937
50938
50940
50941
51028
51026
51027
51107
51108
66466
51291
51292
51294
51695
51689
51690
52175
52178
52172
52174
68482
67211
52202
52203
52237
52233
52235
53446
53447
53448
53449
53451
66542
66543
53645
53646
53647
53904
53905
53906
53907
53908
53909
67237
54259
54260
54263
68734
66553
54380
54381
54384
54597
67245
54599
67249
54926
54928
54930
54931
55424
55425
67258
67257
55430
55754
55748
55749
55750
55751
66580
55848
55840
55841
55842
56201
67270
56197
56198
56199
57269
57264
57265
57266
57267
58726
58727
58729
66653
58708
58709
58710
58713
66669
66670
67320
59408
59409
59410
59602
59603
59607
59608
59599
67330
60047
60048
60050
60051
66705
67019
60578
60579
60580
66709
60912
60914
66712
66711
60953
60954
66729
67029
61741
61742
61743
61744
68378
66739
61970
61971
61972
67041
62292
62293
62294
62296
66747
67040
62304
62305
62308
62360
62363
62365
62367
62371
67071
63451
63452
63454
63626
63628
63629
63630
63639
66802
67080
63725
63726
63728
68862
66825
67017
64546
64547
64550
00841
00839
65017
67347
00901
00903
01578
01579
01581
65040
67355
01803
01804
01806
65050
01962
01964
65051
01959
01960
65056
02094
02095
02098
65074
67365
02621
02622
02624
02876
02877
02879
65107
67375
04014
04015
04016
04118
04119
04120
04122
04117
04158
04159
65113
04293
04294
04295
04396
65117
04391
04393
05561
05562
65160
05618
05619
05621
05919
05914
05915
05917
06024
06025
06028
06048
06049
06051
65181
67408
06162
06163
06164
65186
67410
06316
06317
06318
07444
07445
07639
65252
67440
07635
07637
65259
67444
07752
07753
07756
65264
08002
08005
08006
08007
65265
67447
65269
68590
67449
08133
08134
08419
65277
08415
08417
08790
65292
67463
08785
08786
68884
08820
08822
65303
67471
09089
09091
09092
09093
09094
09202
09209
09210
09212
09327
65309
09322
09326
65321
09635
09636
09637
09639
65326
67482
09809
09810
09811
65327
09839
09840
09841
09941
65331
67484
09938
10021
10022
65334
67488
65337
10092
10093
10095
11010
11011
11014
65366
67503
11063
11064
11066
11148
11153
11146
11951
11946
11947
11948
12065
12066
12068
12194
12195
12197
12299
12295
12296
13021
13023
13024
13026
13027
13248
13249
13250
13251
13423
13418
13420
13459
13460
13462
13463
67537
13747
13748
13749
13750
65429
14315
14316
14318
65431
14369
14370
68204
14568
14569
14571
15555
65461
67562
15550
15551
15710
15711
15712
65477
67568
16084
16085
16086
16101
16102
16103
16432
16435
65494
16807
16808
16809
16810
65499
16935
16928
16930
17161
17163
67581
17164
17165
65523
17380
17381
17383
17399
65524
67586
17393
17394
17395
65553
67602
17989
17992
17994
67606
18244
18245
18246
18247
67608
65596
18261
18257
18258
18572
18574
18575
18577
65626
67619
18900
18902
67621
18982
18983
65628
19091
19092
19093
65630
19168
19169
19171
65637
67626
19308
19309
19311
19712
67630
19708
19972
19973
19974
65650
20011
20012
20013
20025
20026
20027
20029
20338
20339
20341
21030
65680
21028
68536
21309
65694
67650
21306
67657
21834
21835
65775
67682
23278
23279
68822
67688
23483
23485
23708
65789
67696
23706
65796
23807
23808
23810
24174
65803
24175
24169
24170
24171
24385
24386
65806
67706
24383
24830
24831
67711
24832
24824
65830
67714
24891
24892
24894
25052
25053
25054
25047
25048
25049
25051
65862
67730
25849
25850
25851
65868
26005
26006
26008
26223
26217
26220
26807
26804
26805
26806
27321
27317
27318
27319
27451
27452
27455
27447
27448
27450
67766
27800
27795
27796
27882
67768
27877
27879
27880
28587
28588
28589
28742
28743
28748
29331
29332
29333
29407
29410
29405
29406
29635
29636
29637
29638
68962
30267
30268
30270
30321
65956
30326
65961
67797
30512
30513
30514
30515
30713
67800
30718
31053
31054
31056
31491
65987
31495
31488
67812
31558
31559
31560
32123
32119
32120
67832
32477
32478
32480
66020
32540
32541
32545
68556
66035
32863
32864
32866
33344
67848
33340
33341
33703
66080
67854
33699
33701
34094
66087
67863
34091
66088
34113
34114
34116
34275
34270
34271
66091
67865
34356
34357
34358
34375
34379
34381
34372
66114
35608
35609
35610
36233
36235
36635
66136
67900
36634
37025
67910
37022
37023
66149
67912
37064
37065
37067
37353
37348
37350
66159
67923
37615
37616
37617
66161
37840
37841
37844
38238
38241
38235
39351
39352
39354
39961
39954
39955
39956
39957
66255
40639
40640
40641
67953
40653
40654
40656
40768
40762
40763
40764
67956
40804
40806
40807
40809
67963
41067
41068
41069
67964
41166
41171
42003
42004
42005
65575
67979
66279
42081
42082
42086
42088
42091
42404
42405
42407
66287
42409
42473
42474
42475
42477
42990
42993
66307
43556
43557
66312
43728
43729
43730
43732
44135
44129
44130
44132
44204
44205
44206
44207
44328
44329
66332
67103
44569
44570
44571
44562
44563
44565
44627
44628
44629
44631
44632
44736
44737
44738
44739
44740
66338
44864
44865
66343
45063
45064
45066
45102
45103
45104
45106
66346
45112
45113
45114
45116
45176
45177
45179
66354
67113
45366
45367
45368
66359
67116
45573
45574
45575
45717
45719
45722
66363
66364
45744
45746
45747
45748
45970
45971
45972
45974
66370
67122
46056
46057
46058
46059
46959
46960
46961
46962
46963
46964
66390
47241
47242
47243
66403
66402
67140
47860
47862
47863
47907
48027
48029
48031
48498
48492
48494
48495
67150
48541
48542
48544
67152
48713
48718
66429
49431
49432
49433
49435
67172
49647
49648
49650
49735
49731
49732
67174
49808
49809
66439
50010
50011
50012
50014
50020
50021
66444
50320
50321
50323
50439
50442
50438
50552
50553
51400
51403
67199
51404
51407
66474
67198
51479
51480
51481
66477
51547
51548
51551
66489
51936
51937
52292
52293
52295
66523
67222
52942
52943
66527
53021
67225
53016
53018
66528
53156
53157
53159
53244
53246
66546
67233
53828
53829
53830
53880
53881
54179
54174
54176
66552
54302
54305
67238
54299
54300
54430
54431
54432
69042
67242
54460
54461
54963
54964
54958
54962
55121
55122
55123
55124
55293
55294
55295
55674
55675
55677
55810
67261
55813
55807
55808
55980
55981
55983
55998
55999
56002
56037
67265
56033
56035
66583
67267
56108
56110
66584
67271
56250
56251
56253
69010
56343
56344
56345
56347
56466
56974
56975
56976
56977
57098
57094
57096
67286
57240
57241
57242
67289
57414
57415
57416
57733
57727
57728
57729
57730
68550
66602
57773
57774
57776
57846
67295
57841
57842
57843
66608
57924
57925
57927
58013
58014
66614
58015
58007
58008
58009
66629
58134
58135
58136
58137
58138
66630
67304
58184
58185
58186
58187
66642
58432
58434
58435
58437
66659
58950
58951
58952
59054
59055
59057
67318
59108
59109
66680
66681
67327
59850
59851
59853
67331
60222
60223
60224
60225
60226
67332
60306
60307
60308
60309
60311
66699
67333
60382
60383
60384
66720
67025
61366
61367
61368
61369
61885
61886
66735
61888
66750
67043
62425
62426
62427
66755
62777
62778
62779
66756
67048
62616
62617
62618
62619
68604
62755
62756
62757
62760
62836
66763
66764
62832
62833
63503
63500
63501
63502
66796
63611
63612
66797
67077
63655
63656
63657
63658
66808
67005
63852
63853
63855
66814
67007
64045
64046
64450
64451
64449
65004
00432
00433
00434
65010
67343
00665
00666
00667
68958
65022
01158
01159
01160
01161
01251
65025
01247
01248
01249
65058
67359
02146
02147
02149
02150
02612
02613
02614
02615
02705
02700
02701
03104
03105
03107
03452
03454
03518
03519
03521
65122
04589
04583
65165
05685
05687
67403
05795
05796
05876
05877
05878
05880
06378
65189
65190
67412
06375
65206
06627
06628
06629
06630
65212
67418
06735
06736
06737
65226
07169
07170
07171
07172
67425
07164
65251
67438
07577
07578
07579
65256
67442
07679
07680
07681
07787
07788
07789
07783
08169
08170
08173
65280
67454
08444
08445
08446
65304
09130
09131
09137
09129
09491
09492
09493
09494
65316
67478
09520
09521
09522
65323
09738
09739
09740
09741
10312
10313
10314
10345
65347
67493
10343
10525
67496
10519
10520
65355
10652
10655
10650
65356
10690
10692
65359
67500
10788
10789
10791
11090
11091
11093
11094
11095
65372
67507
11381
11382
11383
11440
11441
11443
11472
11473
11475
65373
11502
11503
11504
65374
67509
11530
11533
12015
12016
12019
12075
12076
12078
13045
13046
13048
65413
13533
13534
13535
14257
14261
65428
14266
65433
14579
14580
14583
15216
15217
15218
15300
65454
15295
15296
15297
15478
15479
15480
15584
65464
67564
15586
15581
16167
65479
67571
16162
16164
16239
16236
16237
16238
16326
16327
16328
16329
65483
67570
16353
16354
16355
16356
16357
65484
16385
16386
16389
65489
65488
16529
16530
16565
16567
16568
65518
68356
17302
17303
65547
67597
17898
17899
18117
18111
18113
18418
18419
18420
18421
65618
67615
18722
18723
18724
18725
19056
65627
19053
19054
19226
19228
19225
19618
19619
19621
65656
67633
20199
20200
20201
20203
20629
20630
67638
20624
20626
65671
20769
20770
20772
68234
20927
20928
65678
21012
21013
21014
21103
65685
65699
21490
21491
68946
22247
22249
22242
22414
22415
65744
22458
22459
22488
22484
22485
23011
23012
65762
23008
23009
65768
67683
23201
23202
23205
65793
23855
23857
23843
23844
23846
23906
23907
67699
23910
65799
67701
23989
23990
23992
24252
24253
24257
65815
24517
24518
24519
65820
24684
24685
24686
65821
24741
24745
65838
67720
25170
25171
25172
65852
25575
25576
25943
25944
25945
25946
25947
26084
26085
26086
26088
67749
26918
26919
65885
67751
26961
26962
26964
27086
65887
67753
27081
27082
27098
27099
27101
67756
27189
27190
27191
68860
27378
27379
27381
67763
27437
27438
27439
27440
65895
67762
27636
27637
27639
27664
27665
27666
27673
67767
27825
27826
27827
27828
65909
28262
28263
28265
28266
28396
65912
67780
28391
28394
28395
28885
28879
28880
28881
65939
29617
29618
29619
29620
68308
30177
65954
67795
30259
30260
30564
30565
30566
30749
65969
67801
30754
65979
67806
31096
31098
31259
31260
67808
31261
31262
65989
31571
67813
31567
31569
66006
31980
31981
31983
66021
32556
32557
32558
66028
32726
32728
32729
32732
66034
32826
32827
32828
32829
32879
32881
32883
66073
33378
33379
66081
67856
33769
33770
33807
33808
33811
66092
67868
34399
34400
34401
34513
34514
34515
34546
34547
34549
34709
34704
34705
35213
35214
35215
67879
35547
35548
35550
35886
66119
35890
35892
66122
35970
35972
66123
67895
36120
36121
36123
67898
36418
36419
36421
36716
36717
36719
37277
37273
67921
37486
37487
37488
37489
66192
67938
38843
38844
39363
39364
39380
39381
39382
39384
39429
39430
39431
39842
39844
39876
39877
39878
39879
39880
40053
40054
40401
40403
66253
40580
40581
41484
41485
41486
67977
41978
41979
41981
42556
42557
67980
42568
42569
42570
66291
42596
42587
42588
42589
67983
42674
42675
42676
43119
43120
66299
43117
43383
43384
43385
67091
43699
43700
43702
66313
43811
43812
43813
68388
44236
44237
44444
44445
44447
66341
44952
44953
44955
66352
45326
45327
45329
45452
45453
45454
45869
45870
45872
46335
46332
46333
46591
46592
46595
66381
46866
46867
46869
66384
67130
47041
47042
47303
47304
47305
47306
66392
47334
47335
47336
47366
47360
47361
47362
47385
47386
47452
47453
47456
66397
67137
47643
66399
47735
47736
47845
47846
47847
47849
47842
48164
48166
67144
48172
48334
66411
67146
48375
48376
48377
66412
48407
48408
67151
48559
48560
48562
48892
48893
48894
48896
49151
49152
49155
66427
49320
49323
49935
49936
50247
50248
50249
66447
50400
50401
50402
66449
50533
50534
50536
66453
50619
50620
50622
67184
50829
50830
50831
50950
50951
50952
50953
50959
50960
50962
51200
51204
67200
51661
51662
51664
51737
51732
51733
51734
67205
51805
51806
51807
51808
66490
51956
51957
51959
52084
52085
52086
52087
52088
52106
52107
52108
52109
66502
52145
52146
52147
52150
52347
52348
52349
52351
66507
52440
52431
52432
52434
52435
66510
52605
52606
52607
52608
67219
52766
52767
52769
67220
52800
52801
53669
53670
53671
53672
54347
54348
54349
67239
54352
54611
54612
54613
54614
54615
55111
66567
66568
67251
55110
66577
55542
67259
55538
55539
55556
55557
55559
55639
55640
55643
56050
56051
56052
56053
67272
56283
56284
67273
56389
56390
56392
56393
56428
56429
56781
56782
56783
56784
56786
56877
56878
56880
67285
57207
57208
57209
57210
57491
57488
57489
57614
57615
57616
57617
57618
57619
57882
57877
57880
58277
58278
58280
58576
58577
58578
58579
58580
58581
66650
58622
58623
58625
58912
58913
58914
66657
67315
58898
58899
58900
59035
59036
59037
59038
59079
59080
59081
59075
59236
66663
59230
59233
67325
59726
59727
59728
59741
59743
66676
59740
67326
59794
59795
59796
59832
59833
59834
59835
60527
60530
60525
67026
61445
61448
66744
62198
62199
62202
62520
62521
62523
67046
62573
62575
62576
66762
62820
62821
62823
66776
63123
63124
63125
66783
63313
63314
63315
66788
63379
63380
63381
67074
63557
63560
63562
66801
63692
63693
66806
63823
63824
63826
66811
63888
63889
63890
64006
64010
64011
64012
64002
64003
66039
01612
01614
02128
02129
02130
00337
00338
00339
00340
00378
00381
00382
00383
65011
67344
00691
00692
00693
65015
67345
00855
00856
00870
00871
00872
68450
65016
00893
00894
01016
01018
67348
01021
01322
01323
01325
01375
01376
01377
65033
01475
01477
01478
01514
01509
01601
01602
01604
01651
01644
01645
01646
01833
01836
01838
01877
01878
01879
69090
01925
01926
65063
02275
02276
67358
02561
02562
65081
02866
02867
02869
65082
02914
02915
02916
02972
02973
02974
03071
03072
03073
03157
03158
03203
03204
03205
03206
03380
03382
03387
65098
03492
03493
03495
03760
03761
04001
04002
04003
04103
04104
04105
04229
04230
04231
04328
04329
04330
65116
04357
04358
04360
66040
06122
06123
04533
04536
05370
05371
05372
05373
05783
05849
05850
06139
06140
06145
68752
69076
06216
06217
06616
06618
06619
65224
67422
07035
07036
07037
65246
67435
07501
07502
07503
07768
07769
07771
07879
07884
07876
65267
67448
08109
08111
08113
08181
08182
08183
08185
08186
65281
08471
08472
08473
67455
08534
08535
08536
08537
67456
08546
08547
08548
08630
08631
08638
08639
08640
08646
08647
08648
65293
67464
08827
08829
65302
67472
08983
08984
09224
09217
09219
09220
65320
09630
65322
09714
09715
09716
10009
10012
10603
10605
10606
65360
10815
10816
10817
11879
11882
65558
11872
12108
12102
12104
12217
12219
12213
65392
67521
12405
12407
65393
12418
12420
12607
12609
12610
65395
65396
12615
12654
12655
65397
12677
12678
12679
12703
12697
12699
12700
12702
12813
12814
12988
12990
12993
13622
13623
13624
13736
13737
14055
67544
14050
14051
14130
14131
14133
14160
14161
14162
14164
65442
14734
14740
14732
15021
15022
15114
15115
15116
15143
15144
15145
15190
15192
15196
15197
15634
15635
15637
65466
15651
15652
15846
15847
15848
15849
15901
15902
15904
15906
16006
16007
16008
16271
16272
16273
16397
16398
16399
16644
16645
16705
16706
16707
16708
65501
16985
16986
16988
65505
17041
17356
17358
65522
67584
17363
17364
17459
17460
17461
18373
18374
18376
65606
18429
18477
18478
18479
18481
65614
18551
18552
18554
18555
18556
65633
19187
19189
67622
19192
19193
19194
19196
67623
19203
19204
19206
67627
19396
19397
65641
19508
19509
19510
19657
19659
67632
19744
19746
19817
69070
19818
20321
20317
20318
65665
20634
20635
65667
67639
20664
20665
20868
20869
65674
20871
21088
21089
21091
67651
21359
21360
21372
21373
21375
21823
21824
21825
22513
22514
22515
22516
65747
22613
22614
65757
67676
22845
22846
22847
65760
67679
22931
65774
23241
23243
23415
65778
23411
23412
65780
23472
23473
23474
24018
24019
24021
65802
67705
24125
24133
24134
24136
24138
65805
24270
24271
24334
24335
24371
24372
24374
24597
24598
24995
24996
24997
67717
68668
25423
65850
67727
25511
65863
25873
25874
67736
26014
26016
26017
69062
67738
26140
26141
26142
26591
26592
27536
27537
27541
27554
27555
27556
27557
27558
65898
65899
27849
28417
28419
65919
28678
28680
28681
28682
29280
29281
29283
65938
29566
29794
29797
29845
29847
29848
65945
29964
29965
29966
65947
29981
29982
30218
30219
30222
30285
30288
30283
65962
30524
30525
30526
30527
30877
30878
30879
30922
30923
31179
31181
31182
31183
31185
31349
31350
65986
67811
31445
31446
31447
31459
31460
31462
65990
31595
31596
31599
67819
31835
31836
31837
66001
31880
31882
31885
66009
67825
32195
66068
33169
33170
33171
33243
33244
33405
33406
33407
67850
33425
33426
33427
33654
33657
66100
34689
34690
34691
35197
35192
35577
35578
35769
35764
35765
35806
67888
35804
35928
35930
66133
36460
36461
36455
36746
36747
36749
37005
37006
37007
37687
37689
66165
38046
38047
38302
38303
38304
38305
66177
66178
38397
38398
38399
38401
38402
66189
38645
38646
38647
38976
38977
66220
67941
39118
39119
66222
39371
39374
66227
39681
39682
39685
40233
40234
40235
40236
40568
40562
40565
40566
66256
67955
40662
66054
42513
42515
67962
41057
41058
41059
41081
41082
41083
66263
41096
41097
41098
68872
41583
41584
67969
41655
41657
41658
66272
41695
41696
41697
42043
42044
42045
67978
42216
42217
42219
66283
42317
42311
42314
66284
66285
42380
42381
42382
42543
42544
42545
42666
42667
42669
67992
42945
42946
43087
43089
43082
43083
43257
43258
43260
43371
43372
66309
43597
43598
43803
43806
43995
43992
43994
44007
44010
44003
44004
44099
44100
44101
44102
44150
44151
44152
67096
44142
44143
44145
68490
44222
44224
44226
44399
44400
66331
44540
44541
44543
44589
44593
44781
44782
44792
44793
44794
44795
66340
67109
44908
44910
44912
45053
45054
45056
45093
45094
45823
45824
45825
46494
46495
46496
66376
66377
46505
46759
46761
46757
46794
46795
46796
46778
46779
46780
47031
47032
47033
67131
47061
47063
47064
66389
67133
47223
47224
47275
47277
47278
47443
47444
66394
47556
47557
47647
47648
47651
66407
48075
48076
48077
48275
48276
48277
48278
48342
48343
48344
48687
48688
48690
49005
48998
49002
49344
49345
49348
49361
49362
49364
65577
49670
49671
49672
49673
49674
50370
50371
50455
50456
66458
50706
50707
50708
50816
50817
50818
50902
50903
67186
50898
51160
51163
51157
66472
67194
51277
51278
51280
51725
67203
51721
51753
51755
51756
66487
66486
51873
51874
51875
52048
52049
52050
67208
52072
52073
52074
52075
52163
52217
52220
66505
52376
52378
52664
52665
52690
52691
66520
66521
52873
52874
52876
66526
52995
52997
53219
53220
53263
53264
53265
53266
53346
53347
53348
53461
53462
53463
66541
68750
53564
53565
53566
53622
53623
53625
53739
53741
53743
53774
53775
53777
54011
67234
54006
54007
54008
54120
54121
54123
54367
54368
54369
54532
54533
54535
54765
54766
54787
54789
66555
54782
55190
55191
55193
55194
67266
56074
56075
56076
56077
56275
56276
56279
56368
56369
56370
56371
56372
56373
56374
67274
56483
56485
56487
56765
56766
56767
56768
56769
68816
56774
56775
57171
57172
57174
57327
57328
57370
57371
57373
57599
57600
57601
69026
67298
57709
57711
57753
57754
57755
57747
57748
57749
57900
57894
57896
58077
66628
58080
58074
58255
58256
58257
66649
58614
58615
66656
58825
58826
58828
58837
58838
58839
67316
58978
58979
58980
59134
59135
59138
59351
59352
59353
59354
59355
59385
59386
59388
60060
60061
60062
68438
60157
60159
60161
60728
60729
61241
61236
61237
66732
61828
61829
67035
62091
62092
62093
62147
62148
62149
66745
62192
62193
62194
67037
62232
62234
62235
66748
62343
62344
62345
62346
62347
62348
62794
62795
62796
62938
62941
66772
67060
62954
62955
63601
63602
63603
63701
66800
67079
63698
66805
63782
63783
63784
66812
63919
63920
63972
63974
63975
65006
00587
65014
67346
00849
00850
00949
00950
01067
01068
01069
01075
01076
01078
65020
01102
01103
01106
65021
01121
01122
01228
01229
01230
01267
01268
01269
65037
67353
01586
01625
01626
01627
02011
02012
02013
02432
02433
02434
02488
02490
02491
02652
02646
02853
02854
65088
03094
03096
65093
03317
03318
03320
03767
03768
03769
03801
03802
03804
04052
04053
04054
04131
04132
04133
04138
04139
04140
04204
04205
04220
04221
04222
04303
04304
04367
04369
04371
04377
04378
04379
68886
67388
04973
04974
04975
05020
05024
65143
05218
05219
05220
65149
67395
05362
05364
65176
05989
05991
06000
06001
06002
65180
06085
65185
67409
06300
06301
06790
06792
06793
06924
06925
06927
06971
06972
07115
07120
07116
07117
07118
07129
07130
07432
07433
07434
07516
07511
07513
07515
07529
07530
07531
07618
67441
65253
07627
07628
07629
07701
07702
07703
07705
07717
07718
07720
07863
07864
07865
08091
08093
08094
08304
08305
08342
08343
08511
08512
08514
08515
08516
08776
08778
08779
08892
08893
65301
08971
08972
09079
09081
09084
09262
09263
09504
09506
65344
10252
10254
10299
10300
67494
10390
10391
10392
10610
10611
10612
10613
10681
10682
10683
11106
11107
11292
11288
11412
11413
11414
11421
11422
11423
11688
11689
11692
11932
11933
11934
65382
11974
11996
11997
11999
65383
12007
12008
12026
12027
12160
12161
12163
12393
12394
12395
12396
67523
12637
12638
12640
12757
12758
12759
12760
12822
12823
12824
12825
65398
12857
12858
12860
12861
12944
12945
12946
13089
13090
13091
13093
13094
13095
13110
13111
13113
13225
13226
13227
65412
13501
13502
67533
13510
65420
13821
13822
67541
13879
13880
13881
13883
65425
67543
14012
14013
14014
14104
14105
14106
14205
67547
14392
14393
14395
14435
14436
14437
66042
15998
15999
14605
14606
14607
65436
67551
14637
14638
14648
14649
65438
65437
14655
14656
14775
14776
67554
14955
14956
14965
14966
14967
14980
14981
14983
15404
15405
15406
15407
15450
15452
15704
15696
15698
15701
15702
65468
15752
15753
15877
15878
15879
65474
67566
15962
65478
67569
16112
16114
16116
16214
16216
16219
16317
16318
16505
16506
16543
16544
16545
65492
16637
16874
16877
16878
16879
16955
16956
16957
17208
17209
17212
17213
17520
17513
17514
17531
17532
17535
17561
17562
17563
17888
17879
17883
65552
17964
17976
17978
17974
17975
18039
18040
18041
18073
18093
18094
18095
66043
18535
18536
65617
18643
18644
18731
18732
18733
18758
18759
18760
18858
18860
18948
18949
19215
19216
19299
19300
19302
67629
19516
19517
19854
19855
19856
19932
19933
19934
65649
19913
19915
19916
20113
20114
20258
20259
20260
20261
65662
20458
20459
20460
65664
20513
20515
66044
21570
21571
20838
20839
20842
20969
20972
68588
21526
21527
21528
21840
21841
21842
68648
21926
21928
22015
22018
67664
22012
65726
21998
21999
65734
22193
22194
22361
22362
22363
65754
22780
22775
22776
22977
22978
65764
23034
23035
23426
23427
23428
23649
23650
66045
24525
24526
24045
24046
24047
65804
67704
24201
24194
24195
24346
24347
24348
65814
24501
24502
24551
24553
24554
65841
25278
25279
25280
25281
25352
25353
25354
25355
25526
25527
25528
25529
68502
25719
26065
26066
26067
27357
66046
27358
65877
26466
26467
26468
68948
26486
26487
65883
26934
26935
26936
27021
27022
27487
27489
27491
27747
27748
27941
27942
27943
27944
28067
28059
28088
28089
28091
28290
28291
28292
28295
66047
28791
28793
28823
28824
28826
28816
28817
65925
67787
29009
29010
65933
29464
29467
29899
29900
29901
29902
65943
29922
29924
29925
30300
30301
65963
30587
30589
65964
67798
30600
30601
66048
31102
31103
65978
31080
31219
31220
31221
31222
31234
31236
31237
31238
31302
31303
66049
31585
31586
65991
67814
31620
31690
31691
31692
32048
32049
32050
32051
32096
32097
67824
32104
66011
32279
32423
32424
32524
66022
32565
32567
32575
32573
32756
32757
32758
32914
32915
32916
32917
33003
33004
33044
33046
33065
33066
33067
33068
68596
33519
33610
33612
33615
67859
33855
33856
33857
68976
67860
33883
33982
33983
33985
66051
35899
35900
35309
35557
35558
35559
35569
35570
35571
35681
66115
66116
35678
67891
35934
35935
35936
35994
35991
35992
36039
36040
36042
36141
36142
36145
36401
36402
36403
67899
36491
36492
36803
36804
36806
36807
36908
36904
36906
66148
36973
36974
37307
37308
37309
66052
38267
38268
37649
37650
37651
37830
37831
37832
37935
38213
38214
67930
66173
38375
38376
38377
38703
38704
38948
68530
67936
38949
66193
38874
38875
39068
39069
39070
39071
39078
39080
39081
66053
39555
39556
39200
39201
39202
66221
39257
39288
39289
39290
39336
39337
39339
39389
39390
39391
39648
39649
39651
40246
40241
40242
66245
67948
40100
40102
40344
40345
40346
40530
40531
40532
40533
66258
40725
40726
40727
40830
40831
40832
41264
41265
41266
41559
41649
66273
41707
41708
41710
41776
41777
41779
41813
41814
41815
66277
41899
41900
41901
67973
41903
41904
41905
41906
42142
42507
42508
42607
42608
42609
42611
42763
42764
42766
66300
43148
43149
43509
43510
43511
43512
67087
43539
43540
43542
66311
43673
43674
43883
43876
43947
43948
43949
44021
44022
44023
66321
44171
44172
44178
44179
44180
44181
44187
44188
44189
44300
44301
44302
67101
44488
44489
44525
44526
44528
44533
44534
44536
44552
44718
44719
44720
44813
44814
44816
44846
44847
44848
44959
44960
44961
44962
44963
44972
44973
44974
67112
45165
45166
45167
45196
45197
45222
45223
45412
45413
45415
45421
45422
45423
45424
45470
45471
45472
45527
45529
45530
66055
45599
45600
66360
45641
45654
45655
45656
45657
45672
45666
45669
66056
47985
47986
45930
45932
45935
46167
46170
46172
46316
46317
46318
46576
46577
46578
46579
46608
46609
46610
46663
66383
46929
46930
46932
47079
47081
47082
66385
47096
47139
47140
47141
47344
47345
47346
47481
47482
47483
66395
47571
47572
47574
47723
47724
47726
47808
47809
47810
48300
48301
48302
48308
48311
66417
48524
48525
48568
48569
48570
48571
48734
66057
51428
51429
49091
49092
49093
49411
67163
49418
49410
67166
49461
49462
49782
49783
49785
49889
49901
49902
49904
50193
50194
50198
50199
50200
50474
50471
50472
66452
50583
50584
50586
51302
51303
51305
67196
51314
51315
51316
51828
51829
51830
51797
51798
51799
66494
51981
51982
51984
51985
68470
67209
52127
66504
52182
52183
52185
67218
52653
52654
52655
53040
53041
53042
53122
53123
53125
53181
53182
53183
53198
53199
53200
53232
53233
53254
53255
53402
53404
53405
53406
53407
53853
53854
53855
53923
53924
53925
66549
54091
54092
54093
54094
54141
54143
54144
54192
54194
54252
54253
54665
54666
54667
54806
54807
54809
67247
54831
54832
54833
54834
54842
54843
54844
55325
55326
55630
55631
55868
55869
55870
55913
55916
56116
56117
56118
56177
56178
56179
56358
56359
66058
58325
58326
56794
56795
56797
57254
57255
57256
57350
57351
57353
57394
57395
57396
57379
57380
57551
57548
57569
57570
57571
57572
57584
66595
66596
67291
66597
57607
57821
57822
57824
66634
58245
58246
67312
58666
58667
58747
58748
58749
58771
58772
58773
59004
59005
59006
59125
59127
59668
59669
59670
59671
59841
59842
59843
66684
59989
59991
59992
59993
68518
67329
60074
66059
60360
60361
60708
60969
60970
60973
66060
61563
61564
61137
61138
61139
61190
61191
61192
61223
61224
61225
66718
61248
61249
61250
66722
61511
61512
61591
61592
61594
61698
61699
61700
61701
66733
61849
61850
66734
61871
61872
61874
61953
67030
61952
66061
63276
63277
62396
62491
62492
67053
62783
62784
63045
63046
63047
63049
67065
63187
63188
63189